001(3)
023(4)
004
066(2)
032
013
063(2)
066
026
005(1)
054
005
060(1)
020(2)
060(2)
015(5)
056(1)
015(3)
002(1)
040(2)
067
046(2)
049
012
042(3)
040(3)
043(3)
014(1)
001(4)
045
035
023
013(2)
022
038
020(1)
023(1)
036
030(1)
042(4)
039
044(2)
025(3)
050(2)
042(5)
046
028(2)
039(1)
001(1)
065
006
044
034(2)
066(1)
052(2)
050
034(1)
014(2)
052(1)
015(4)
042(2)
002
035(2)
009
005(2)
059
045(2)
030(5)
023(5)
029(1)
035(3)
043(1)
048
020(3)
029(2)
039(5)
035(4)
057(1)
045(4)
013(3)(1)
008
043
056(2)
058
023(3)
030(4)
040
054(2)
025
012(1)
062(1)
037
019(2)
054(3)
001
012(3)
061
015(2)
040(5)
067(2)
044(1)
050(1)
040(1)
059(1)
018(2)
044(4)
042
047
033
025(2)
011(1)
043(4)
028
002(5)
030(3)
054(1)
032(3)
013(4)
030
063(1)
015
018(1)
044(5)
016
039(2)
030(2)
045(1)
052
051(1)
011(5)
060
057(2)
027
020(7)
049(2)
007
018
033(2)
028(1)
010
034
013(1)
046(1)
042(1)
003
025(1)
032(2)
033(1)
011(4)
035(1)
061(2)
065(1)